BaselineInfo:
  WebDBID: -1
  TimeStamp: 20250405164247
Version:
  Major: 11
  Minor: 0
  Build: 1002
  SpecialBuildName: ""
  ptArchitecture: x86_64_linux
Results:
  Results Complete: true
  NumTestProcesses: 2
  CPU_INTEGER_MATH: 13351.533433333336
  CPU_FLOATINGPOINT_MATH: 10913.281275160816
  CPU_PRIME: 41.481482314856116
  CPU_SORTING: 6667.615517529317
  CPU_ENCRYPTION: 2775.1837135936935
  CPU_COMPRESSION: 52491.308376789901
  CPU_SINGLETHREAD: 3114.8202305532213
  CPU_PHYSICS: 620.02896367335723
  CPU_MATRIX_MULT_SSE: 1696.3202541111889
  CPU_mm: 545.08055104923824
  CPU_sse: 1696.3202541111887
  CPU_fma: 0
  CPU_avx: 0
  CPU_avx512: 0
  m_CPU_enc_SHA: 3345724084.8971615
  m_CPU_enc_AES: 3394691279.8604865
  m_CPU_enc_ECDSA: 1989557748.2380145
  ME_ALLOC_S: 1936.7529986199108
  ME_READ_S: 29605.138151041669
  ME_READ_L: 13281.6064453125
  ME_WRITE: 10216.1943359375
  ME_LARGE: 4444.1531531531537
  ME_LATENCY: 67.870781527669081
  ME_THREADED: 24868.078125
  SUMM_CPU: 4650.7694685170363
  SUMM_ME: 1915.9331546593887
SystemInformation:
  OSName: Ubuntu 24.04.2 LTS
  Kernel: 6.11.0-21-generic
  Device: ""
  Processor: 11th Gen Intel Core i7-11800H @ 2.30GHz
  NumSockets: 1
  Manufacturer: GenuineIntel
  NumCores: 2
  NumLogicals: 2
  CPUFrequency: 0
  Memory: 7941
  MemModuleInfo:
    iNumMemSticks: 0
Checksum: 844F3A21BE6C44077C0C4430A5BE8D25C7A46C19