BaselineInfo:
  WebDBID: -1
  TimeStamp: 20250405162046
Version:
  Major: 11
  Minor: 0
  Build: 1002
  SpecialBuildName: ""
  ptArchitecture: x86_64_linux
Results:
  Results Complete: true
  NumTestProcesses: 2
  CPU_INTEGER_MATH: 13260.709444444445
  CPU_FLOATINGPOINT_MATH: 10619.527121021123
  CPU_PRIME: 44.854633330458064
  CPU_SORTING: 6903.6868696840793
  CPU_ENCRYPTION: 2435.6573725940875
  CPU_COMPRESSION: 47846.878635083769
  CPU_SINGLETHREAD: 3115.3148546975349
  CPU_PHYSICS: 606.86005035908227
  CPU_MATRIX_MULT_SSE: 1673.6162640403638
  CPU_mm: 545.23688196150181
  CPU_sse: 1673.6162640403638
  CPU_fma: 0
  CPU_avx: 0
  CPU_avx512: 0
  m_CPU_enc_SHA: 2900327890.3175569
  m_CPU_enc_AES: 2870354526.9205685
  m_CPU_enc_ECDSA: 1891233178.1375284
  ME_ALLOC_S: 1912.7254225658673
  ME_READ_S: 30545.601953124995
  ME_READ_L: 13321.74609375
  ME_WRITE: 10055.392252604166
  ME_LARGE: 4340.1944444444443
  ME_LATENCY: 73.071640563728366
  ME_THREADED: 22974.8662109375
  SUMM_CPU: 4487.3736188225521
  SUMM_ME: 1845.6063330948073
SystemInformation:
  OSName: Ubuntu 24.04.2 LTS
  Kernel: 6.11.0-21-generic
  Device: ""
  Processor: 11th Gen Intel Core i7-11800H @ 2.30GHz
  NumSockets: 1
  Manufacturer: GenuineIntel
  NumCores: 2
  NumLogicals: 2
  CPUFrequency: 0
  Memory: 7941
  MemModuleInfo:
    iNumMemSticks: 0
Checksum: 54C4D0239A066DCF4AACDA6174DDA91EA45D7775